1733848098020 0.08147089762820138 0
1733848101750 0.06666101101371977 1
1733848105547 0.06347654387354851 2
1733848109368 0.05394261951247851 3
1733848113287 0.044975482755237155 4
1733848117213 0.042605866160657674 5
1733848121044 0.038158354659875236 6
1733848125332 0.03882584306928846 7
1733848129604 0.036367268611987434 8
1733848133775 0.035193300909466214 9
1733848137903 0.033320415351125926 10
1733848141950 0.03259820739428202 11
1733848146278 0.031133384961220954 12
1733848150544 0.027917383031712636 13
1733848154709 0.025544660165905952 14
1733848158955 0.025829097876946133 15
1733848163149 0.026266267316208944 16
1733848167378 0.024323387692372005 17
1733848171661 0.022784125266803637 18
1733848175911 0.023156813242369227 19
1733848180342 0.022152566350996494 20
1733848184768 0.02145727848013242 21
1733848189625 0.02107107328871886 22
1733848194647 0.020520706350604694 23
1733848199895 0.019225932450758085 24
1733848204924 0.021698279513253108 25
1733848209858 0.019937796000805166 26
1733848214859 0.0189958739404877 27
1733848220062 0.019614867866039276 28
1733848224313 0.018827339634299278 29
1733848228743 0.019337488545311823 30
1733848233977 0.01845892197969887 31
