1733847793497 0.09182637515995237 0
1733847797620 0.07439993859993087 0
1733847801681 0.05981242242786619 0
1733847805533 0.05800646998816066 0
1733847809584 0.05456403228971693 0
1733847813552 0.05008197161886427 0
1733847817691 0.04387411764926381 0
1733847821776 0.041325493819183774 0
1733847826078 0.04121925143731965 0
1733847830406 0.03976834441224734 0
1733847834716 0.036221325397491455 0
1733847839399 0.03477734141051769 0
1733847844006 0.03643899535139402 0
1733847848457 0.0315568960375256 0
1733847852615 0.02962371065384812 0
1733847856958 0.029486078148086865 0
1733847861107 0.028105797039137945 0
1733847865391 0.026207745282186404 0
1733847870200 0.024149654226170644 0
1733847875118 0.02526009248362647 0
1733847880210 0.02406088842286004 0
1733847885306 0.024210286016265552 0
1733847889479 0.02261461027794414 0
1733847893551 0.021940718301468425 0
1733847897841 0.02356650328470601 0
1733847902086 0.02120191210673915 0
1733847906322 0.02262088366680675 0
1733847910518 0.02131830093761285 0
1733847914681 0.022415016260412004 0
1733847918978 0.02006500597215361 0
1733847923222 0.019694355212979846 0
1733847927473 0.020864441163010068 0
