1733848240984 29019.40234375 0
1733848246258 27827.51171875 1
1733848251495 22498.759765625 2
1733848256787 20318.10546875 3
1733848262029 19198.341796875 4
1733848267324 19138.244140625 5
1733848272560 17817.19140625 6
1733848277828 15727.888671875 7
1733848282978 15915.7705078125 8
1733848288234 15483.5625 9
1733848293424 16369.2236328125 10
1733848298550 15705.0517578125 11
1733848303731 15621.701171875 12
1733848309029 14013.59375 13
1733848314220 14606.8076171875 14
1733848319310 14700.185546875 15
1733848324554 14206.5048828125 16
1733848329811 13233.1572265625 17
1733848334910 13165.26171875 18
1733848340199 12581.2939453125 19
1733848345433 12254.42578125 20
1733848350777 12397.0654296875 21
1733848355946 12019.7509765625 22
1733848361199 11592.96484375 23
1733848366383 11147.2978515625 24
1733848371442 11106.396484375 25
1733848376798 10848.40234375 26
1733848380825 11083.1142578125 27
1733848385408 10670.2412109375 28
1733848390390 10918.76171875 29
1733848395199 10810.349609375 30
1733848400329 10686.89453125 31
