1733848405736 0.5361253122488657 0
1733848410192 0.1689803103605906 1
1733848414333 0.04437129613425997 2
1733848418602 0.02607247999144925 3
1733848423017 0.05134893829623858 4
1733848427365 0.022543591033253405 5
1733848431529 0.032691291636890836 6
1733848435723 0.02768677959425582 7
1733848439739 0.018723035748634074 8
1733848443927 0.039685351567135915 9
1733848448119 0.040984861035313874 10
1733848452398 0.01037260078980277 11
1733848456645 0.00826681860619121 12
1733848460711 0.01847617007378075 13
1733848464854 0.02701661963429716 14
1733848469146 0.026193148042592738 15
1733848473285 0.054486232757982284 16
1733848477596 0.016781517744271293 17
1733848481741 0.05110266641713679 18
1733848485965 0.04567688853583402 19
1733848490439 0.0965142209445023 20
1733848494853 0.04846974265658193 21
1733848499284 0.031263406129760876 22
1733848503723 0.032591886844279036 23
1733848507879 0.024026951312811837 24
1733848512442 0.05860833451151848 25
1733848516754 0.032769037721057735 26
1733848521120 0.03031526283464498 27
1733848525848 0.022105774531761806 28
1733848530932 0.04868847321550776 29
1733848535345 0.018019534877061635 30
1733848540212 0.11691780564271742 31
