1733848405750 3.5028462409973145 0
1733848410194 4.784622033437093 1
1733848414347 5.026365756988525 2
1733848418627 5.694313791063097 3
1733848423032 5.353854179382324 4
1733848427375 5.842455122205946 5
1733848431544 5.949031882815891 6
1733848435726 6.835081842210558 7
1733848439756 7.408599429660374 8
1733848443942 7.804475784301758 9
1733848448137 9.447604603237576 10
1733848452419 8.830286290910509 11
1733848456657 7.950064712100559 12
1733848460726 8.98400746451484 13
1733848464854 8.526773611704508 14
1733848469159 9.07826116349962 15
1733848473298 7.827748934427897 16
1733848477610 7.640576786465115 17
1733848481755 7.254341496361627 18
1733848485986 7.1440103848775225 19
1733848490453 7.642761813269721 20
1733848494853 7.028289371066624 21
1733848499298 6.572609265645345 22
1733848503734 6.938574684990777 23
1733848507894 6.9875353707207575 24
1733848512458 6.456857681274414 25
1733848516770 7.334220144483778 26
1733848521134 7.640703943040636 27
1733848525866 7.540243307749431 28
1733848530947 11.1962202390035 29
1733848535360 8.785512235429552 30
1733848540226 7.196810881296794 31
